48 0
144 166
144 167
208 0
144 162
64 172
144 68
208 0
144 163
144 69
208 0
144 164
208 0
144 165
128 162
64 164
96 171
96 171
64 163
64 165
144 165
112 171
112 171
144 164
208 0
159 253
64 166
144 166
128 167
64 169
144 167
80 168
16 120
128 69
64 169
144 69
80 170
32 102
16 102
128 68
64 169
144 68
128 68
80 172
80 164
96 171
96 171
64 69
80 165
16 136
0 66
208 0
80 166
16 128
207 255
48 0
144 167
144 166
0 84
208 0
80 166
16 144
207 254
128 162
96 171
96 171
64 163
144 161
112 171
112 171
144 160
0 0
0
0
0
0
0
0
127
1
255
16
144
