48 0
154 179
154 180
138 175
74 184
154 36
138 176
154 37
138 175
74 177
106 183
106 183
74 176
74 178
154 178
122 183
122 183
154 177
128 0
154 188
170 108
138 188
74 179
154 179
138 180
74 174
154 180
90 181
26 94
138 37
74 174
154 37
90 182
42 76
26 76
138 36
74 174
154 36
138 36
90 184
90 177
106 183
106 183
74 37
90 178
26 166
10 36
138 179
154 188
170 108
48 0
154 179
154 180
10 58
0 0
138 188
122 183
154 189
90 185
42 150
138 189
74 187
224 1
138 188
106 183
154 189
138 189
122 183
154 189
90 185
42 158
138 189
74 187
224 2
186 108
138 189
74 186
224 1
10 126
138 189
74 186
224 2
10 148
138 179
154 188
170 108
192 0
1
1
0
3
0
0
0
127
255
16
128
10
48
55
0
0
