48 0
144 228
144 229
160 148
128 239
144 224
64 234
144 78
160 148
128 239
144 225
144 79
160 148
128 239
144 226
160 148
128 239
144 227
128 224
64 226
96 233
96 233
64 225
64 227
144 227
112 233
112 233
144 226
160 148
128 239
144 0
64 228
144 228
128 229
64 231
144 229
80 230
16 130
128 79
64 231
144 79
80 232
32 112
16 112
128 78
64 231
144 78
128 78
80 234
80 226
96 233
96 233
64 79
80 227
16 196
0 74
160 148
128 239
80 228
16 140
207 255
48 0
144 229
144 228
0 94
0 0
208 1
144 240
80 237
32 184
128 240
80 236
96 233
144 239
208 2
144 240
80 237
32 190
128 240
80 236
64 239
144 239
176 148
128 240
80 235
0 162
128 240
80 235
0 178
160 148
128 239
80 228
16 206
207 254
128 224
96 233
96 233
64 225
144 223
112 233
112 233
144 222
0 0
0
0
0
0
0
0
127
1
255
16
144
48
55
60
0
0
