48 13
224 3
48 10
224 3
48 69
224 3
48 58
224 3
48 32
224 3
208 4
82 190
17 38
82 190
17 184
82 190
18 152
82 190
192 2
48 73
224 3
48 58
224 3
48 32
224 3
161 134
130 198
146 186
66 193
145 110
161 134
130 198
146 187
145 111
48 35
224 3
129 111
146 200
162 94
48 13
224 3
48 10
224 3
48 86
224 3
48 58
224 3
48 32
224 3
48 13
224 3
48 10
224 3
161 134
130 198
144 0
129 111
66 190
1 118
145 111
82 191
33 132
17 132
129 110
66 190
145 110
1 68
0 0
208 3
146 199
82 196
17 0
33 172
130 199
82 195
98 192
146 198
208 3
146 199
82 196
33 178
130 199
82 195
66 198
146 198
177 134
130 199
82 194
1 150
130 199
82 194
1 166
48 0
146 202
48 73
224 3
48 58
224 3
48 32
224 3
48 13
224 3
48 10
224 3
161 134
130 198
66 203
146 12
161 134
130 198
146 13
48 70
224 3
48 58
224 3
48 32
224 3
48 13
224 3
48 10
224 3
161 134
130 198
146 188
161 134
130 198
146 189
130 13
146 200
162 94
48 32
224 3
48 32
224 3
128 0
146 200
162 94
48 32
224 3
130 202
66 190
146 202
82 192
18 68
130 13
66 190
146 13
82 191
34 50
18 50
130 12
66 190
146 12
130 12
82 203
82 188
98 192
98 192
66 13
82 189
17 0
2 12
146 202
48 13
224 3
48 10
224 3
130 13
66 190
146 200
162 94
48 32
224 3
224 3
2 32
0 0
130 200
114 192
146 201
82 197
34 136
130 201
66 195
224 3
130 200
98 192
146 201
130 201
114 192
146 201
82 197
34 144
130 201
66 195
224 3
178 94
130 201
66 194
224 3
2 112
130 201
66 194
224 3
2 134
48 73
224 3
48 58
224 3
48 32
224 3
48 13
224 3
48 10
224 3
161 134
130 198
146 184
161 134
130 198
146 185
0 0
0
0
16
0
1
255
16
144
48
55
64
10
0
0
0
0
0
128
