48 69
224 3
48 32
224 3
48 32
224 3
208 4
82 74
17 26
82 74
17 146
82 74
192 2
48 73
224 3
48 32
224 3
48 32
224 3
161 96
130 82
146 70
66 77
145 72
161 96
130 82
146 71
145 73
48 86
224 3
48 32
224 3
48 32
224 3
161 96
130 82
144 0
129 73
66 74
224 4
145 73
82 75
33 94
17 94
129 72
66 74
145 72
1 56
0 0
208 3
146 83
82 80
17 0
33 134
130 83
82 79
98 76
146 82
208 3
146 83
82 80
33 140
130 83
82 79
66 82
146 82
177 96
130 83
82 78
1 112
130 83
82 78
1 128
48 0
146 86
48 73
224 3
48 32
224 3
48 32
224 3
161 96
130 82
66 87
145 200
161 96
130 82
145 201
48 70
224 3
48 32
224 3
48 32
224 3
161 96
130 82
146 72
161 96
130 82
146 73
128 0
146 84
162 12
48 32
224 3
130 86
66 74
146 86
82 76
18 0
129 201
66 74
145 201
82 75
33 238
17 238
129 200
66 74
145 200
129 200
82 87
82 72
98 76
98 76
65 201
82 73
17 0
1 200
146 86
48 13
224 3
48 10
224 3
1 220
0 0
130 84
114 76
146 85
82 81
34 54
130 85
66 79
224 3
130 84
98 76
146 85
130 85
114 76
146 85
82 81
34 62
130 85
66 79
224 3
178 12
130 85
66 78
224 3
2 30
130 85
66 78
224 3
2 52
0
0
16
0
1
255
16
144
48
55
64
10
0
0
0
0
0
128
